[gd_scene load_steps=8 format=3 uid="uid://cb3du852rpxnp"]

[ext_resource type="Script" uid="uid://c1ni8fyuowafb" path="res://MainScene.cs" id="1_ig7tw"]
[ext_resource type="PackedScene" uid="uid://cqhw276realc" path="res://addons/godot-xr-tools/functions/function_pointer.tscn" id="2_lquwl"]
[ext_resource type="PackedScene" uid="uid://clujaf3u776a3" path="res://addons/godot-xr-tools/objects/viewport_2d_in_3d.tscn" id="4_7mycd"]
[ext_resource type="PackedScene" uid="uid://dsbacji6flss3" path="res://TestUI.tscn" id="5_272bh"]

[sub_resource type="ProceduralSkyMaterial" id="ProceduralSkyMaterial_ig7tw"]
sky_horizon_color = Color(0.66224277, 0.6717428, 0.6867428, 1)
ground_horizon_color = Color(0.66224277, 0.6717428, 0.6867428, 1)

[sub_resource type="Sky" id="Sky_0xm2m"]
sky_material = SubResource("ProceduralSkyMaterial_ig7tw")

[sub_resource type="Environment" id="Environment_h2yge"]
background_mode = 2
sky = SubResource("Sky_0xm2m")
tonemap_mode = 2

[node name="MainScene" type="Node3D"]
script = ExtResource("1_ig7tw")

[node name="WorldEnvironment" type="WorldEnvironment" parent="."]
environment = SubResource("Environment_h2yge")

[node name="DirectionalLight3D" type="DirectionalLight3D" parent="."]
transform = Transform3D(-0.8660254, -0.43301278, 0.25, 0, 0.49999997, 0.86602545, -0.50000006, 0.75, -0.43301266, 0, 5.641963, 0)
shadow_enabled = true

[node name="XROrigin3D" type="XROrigin3D" parent="."]
current = true

[node name="XRCamera3D" type="XRCamera3D" parent="XROrigin3D"]
transform = Transform3D(1, 0, 0, 0, 1, 0, 0, 0, 1, 0, 1.8, 0)
current = true

[node name="LeftHand" type="XRController3D" parent="XROrigin3D"]
tracker = &"left_hand"
pose = &"grip"

[node name="OpenXRFbRenderModel" type="OpenXRFbRenderModel" parent="XROrigin3D/LeftHand"]

[node name="FunctionPointer" parent="XROrigin3D/LeftHand" instance=ExtResource("2_lquwl")]
transform = Transform3D(1, 0, 0, 0, 0.70710677, 0.70710677, 0, -0.70710677, 0.70710677, 0.02, -0.03535534, -0.10606602)
show_laser = 2
laser_length = 1
show_target = true

[node name="RightHand" type="XRController3D" parent="XROrigin3D"]
tracker = &"right_hand"
pose = &"grip"

[node name="OpenXRFbRenderModel" type="OpenXRFbRenderModel" parent="XROrigin3D/RightHand"]
render_model_type = 1

[node name="FunctionPointer" parent="XROrigin3D/RightHand" instance=ExtResource("2_lquwl")]
transform = Transform3D(1, 0, 0, 0, 0.70710677, 0.70710677, 0, -0.70710677, 0.70710677, -0.02, -0.03535534, -0.10606602)
show_laser = 2
laser_length = 1
show_target = true

[node name="Viewport2Din3D" parent="." instance=ExtResource("4_7mycd")]
transform = Transform3D(0.01, 0, 0, 0, 0.01, 0, 0, 0, 0.01, 0.0729146, 2.4349132, -2.9273958)
screen_size = Vector2(640, 360)
scene = ExtResource("5_272bh")
viewport_size = Vector2(1280, 768)
transparent = 1
unshaded = true
scene_properties_keys = PackedStringArray("TestUi", "ButtonAR", "ButtonVR")
